Shirts
215.173772 56.824781 6.057631
9.180522 4.411495 30.572720
76.819202 21.037770 78.826818
163.105765 99.360407 98.587418
275.621214 44.565993 75.764711
185.741215 28.079885 73.641555
195.650687 57.678250 12.392945
112.966276 11.768763 63.291698
0.134615 74.351000 14.978202
282.914508 43.388060 71.640515
287.121607 30.905320 73.768401
254.730527 39.653071 86.757679
102.293883 29.579147 26.706358
148.058034 86.826068 67.824371
51.335712 91.169753 35.756523
56.776506 50.598503 93.351838
217.829439 37.080261 59.451287
352.559934 73.309923 87.786567
348.503489 13.306284 0.044874
241.064856 33.851307 77.084501
313.518808 51.081935 18.353012
53.214093 53.948448 88.439225
73.201194 96.712604 20.507523
201.297309 85.191005 93.306946
230.367456 55.666528 87.834200
116.914877 25.864774 8.508770
48.604049 35.619123 0.380302
106.970062 99.093761 93.731683
61.154072 95.784187 3.693884
348.532053 68.883131 64.953907
102.727954 45.953479 93.702219
10.458698 75.177554 85.761718
20.061350 88.305822 30.317024
339.092560 8.666725 99.464595
59.642830 47.265781 54.704387
81.749233 13.638221 94.925125
95.451119 21.232876 43.795594
170.424742 20.703952 60.493969
252.259481 51.703859 27.097495
47.311945 6.588770 21.925250
162.920489 57.862624 86.192767
142.141036 23.328027 56.130716
148.167632 24.243974 59.923730
287.802226 9.504917 9.736571
89.537342 94.784477 71.048642
150.156536 9.707098 52.875565
26.413397 69.217308 19.523268
118.437331 5.544345 77.359290
72.666587 97.746665 87.375276
41.783941 50.646388 28.215500
150.071637 50.050924 22.455807
316.857521 78.027761 0.246413
177.829763 39.080372 30.479121
184.096661 43.924451 73.181460
201.987511 46.120258 51.944563
240.922731 30.445180 78.301530
352.910709 14.387602 73.887278
12.447189 5.375942 25.322910
283.572590 19.312904 86.112035
278.439024 39.622244 87.237027
174.260972 67.265112 54.873287
113.417263 37.167048 20.947891
155.208640 29.178785 75.455094
45.881028 20.523033 48.157145
228.669152 23.358232 64.111462
85.246747 90.699233 18.835839
346.171647 88.676145 85.772382
60.016911 37.157688 98.216876
163.824198 84.827060 27.775808
151.191218 74.529160 98.746969
321.458989 93.236372 34.651647
204.148690 29.382996 97.061875
335.769093 14.385420 17.500086
324.464867 11.742275 18.708526
137.828391 72.980590 23.682344
1.848527 84.140007 86.927732
221.494894 50.376025 17.543510
353.280422 69.911293 98.713536
110.239053 99.203132 37.947278
354.998407 27.765157 28.952978
45.751540 56.524516 42.341050
78.642694 73.061449 0.657812
242.238621 98.452888 82.523659
115.533279 65.147673 4.982773
295.501954 63.248780 64.574214
69.332959 27.281296 42.866920
145.031641 44.759845 83.996900
37.094784 31.216840 20.011626
188.318785 16.599090 38.192841
221.102158 82.581712 39.306823
210.477532 8.820373 78.271103
220.483885 65.545227 55.881785
148.300236 55.516448 41.451341
277.032521 13.138479 47.315613
215.030121 9.921382 1.826612
164.597418 36.618226 35.739421
143.684169 83.081339 33.928610
277.360040 75.808566 87.660847
181.718017 75.433723 96.783368
138.947952 19.412731 79.427753
Pants
112.844506 28.149976 65.414981
330.367913 87.280449 38.682417
283.480437 96.130385 37.536810
133.067930 45.758789 50.441315
43.652242 62.557525 64.210617
359.716128 88.648702 15.327167
132.377888 2.552477 28.955399
60.259275 10.879939 56.405137
215.961155 37.728057 5.718350
45.527079 1.219990 55.234962
224.897526 58.166044 12.240881
4.585569 20.010900 44.573333
331.119699 26.009321 48.658799
100.781032 10.087933 19.327264
298.864935 58.358569 83.157952
335.281817 62.653039 99.554465
326.917018 24.226047 49.017452
260.306401 34.835711 18.126146
305.833142 54.073593 69.455876
300.097077 42.167407 42.175279
271.758811 62.975643 99.684363
24.626915 4.348348 47.971907
69.278820 76.563687 67.024808
236.693538 23.662591 31.302795
84.083470 46.306227 65.385701
310.931386 27.544388 12.696102
183.383862 51.401853 49.539456
76.698694 25.045558 9.964163
157.919557 36.185567 27.558870
77.527072 89.978528 0.808965
22.357698 41.813721 16.103754
334.656961 90.484351 28.086887
319.086499 36.053132 21.412113
322.974808 73.616083 82.645643
100.344502 53.841203 27.468276
298.110877 18.963716 12.542838
204.911365 27.959103 46.562994
234.845968 26.330426 59.923502
106.188675 76.321108 44.736195
209.549256 19.192672 73.820950
330.407173 27.055177 79.502741
301.853271 52.555462 74.074131
201.294041 63.367383 82.420543
191.465002 55.495577 95.396412
134.547606 36.448821 65.708585
314.780904 91.674915 38.552213
90.450574 76.813835 10.853015
80.790659 23.154172 64.757087
256.642944 17.481011 69.845398
229.828669 33.775198 51.423152
295.416913 43.274465 88.139678
61.454193 95.404596 13.229006
197.545238 1.168942 52.274202
148.293127 24.458892 99.693173
202.066576 35.940469 51.254786
105.806441 25.236006 52.295435
158.045507 51.573031 61.779342
331.641570 24.430808 15.576336
322.579738 41.315214 20.874632
357.143544 81.935098 49.623650
304.045730 93.210915 85.855057
353.112125 94.309458 20.500649
148.928393 55.265846 57.477772
222.490087 61.196961 27.116952
167.106155 91.125195 94.814913
100.895306 29.430817 35.035045
64.196270 41.867477 73.705532
53.329923 15.320806 84.012830
188.110121 3.593343 12.118165
301.139586 17.064640 89.946253
54.652453 72.317907 27.675724
227.953816 75.276667 44.802401
86.074581 63.951296 11.301345
71.478090 94.618007 48.961354
158.572211 79.291873 54.721140
180.170448 35.576462 98.535648
246.093451 6.641287 92.642289
210.191850 7.887859 66.513830
322.283535 43.028707 49.733195
237.334523 46.468090 94.436109
331.575741 29.823783 14.068090
298.678896 33.064930 46.080319
309.853452 19.076655 20.060526
169.234061 46.562982 39.192871
115.880552 69.098582 95.078408
38.078727 74.973204 76.582182
255.214567 29.033397 74.635427
343.100371 77.183754 52.371364
27.431013 32.016931 73.289329
75.156815 2.572306 49.656477
113.955069 63.860663 54.284885
227.368285 53.325738 88.283036
32.788588 81.551552 45.026356
235.097160 77.132769 97.508280
195.642742 65.843822 52.550687
56.523808 63.637730 27.439854
305.068077 47.563867 93.625602
296.265243 95.246354 30.769339
59.719168 46.410912 48.275695
125.870772 37.557775 60.711496
