-461.676289 -175.370698 -400.148484
405.644561 667.393662 328.541981
-908.692116 -953.173063 -36.030517
-648.788562 -336.159717 223.600617
-762.258112 -322.656930 611.696655
-586.923965 991.086882 255.128999
-728.773512 -630.679314 544.907272
101.920406 -977.121918 377.983238
554.083913 748.474873 265.643332
1.733337 932.160843 545.512616
831.620036 558.269693 -184.355374
-395.278120 381.213823 -250.324454
933.494468 944.483360 -431.441938
-786.803554 -287.267173 395.445647
459.405470 -901.884437 -761.680618
-775.685229 -146.387391 732.936671
-604.090976 236.473715 -501.172664
811.854293 -235.084276 -155.391307
-225.547932 277.824271 -861.930076
-829.122527 -760.860886 -963.016111
-542.463259 -376.005915 350.988394
-885.190791 909.566651 164.564138
550.045020 -382.094166 -935.469825
-531.488939 -873.685793 -277.034793
-2.944635 -969.656904 39.359970
-495.974305 -951.671721 -918.476139
-989.637408 -704.193381 43.650021
741.487163 -491.786317 686.867869
518.814915 785.541791 -616.040230
-338.146288 -583.942068 736.498761
-43.976950 -499.995578 534.492322
-951.011401 207.968294 -745.135569
-666.925919 -200.137188 727.699435
-872.638175 -856.263057 -663.869146
819.060338 -333.988975 -132.242028
683.107694 -101.673482 -416.839922
-848.755889 972.126970 814.535732
260.080180 833.804807 -871.564124
943.778661 -891.117330 255.724476
915.737365 -69.670902 -673.714409
-124.764413 455.712982 290.614513
439.722523 682.647163 -479.829787
618.508360 860.388275 675.656452
411.492420 -133.791336 638.205550
-59.751716 -246.941917 -146.277338
-48.278946 -41.750390 444.454488
-174.342329 852.448933 958.744545
400.327386 826.345943 -296.239228
666.209096 -689.831977 -317.177987
626.538190 703.615359 814.485506
272.775665 270.653567 713.181458
785.919861 -532.456150 -996.771409
75.398286 343.456924 -53.724829
782.570483 -684.064301 -932.353260
547.354840 -788.712587 79.120909
459.509274 -926.023066 -235.136927
468.912861 479.424822 -204.510924
952.172334 -840.278051 -520.362337
287.911533 408.672389 530.930340
675.709281 -964.783542 874.697113
594.868751 461.978240 -905.814922
-487.446588 763.362030 364.763601
318.943266 -625.466999 249.869492
545.135863 -930.800654 -869.352366
-19.113651 985.684889 35.844641
-55.949042 720.314861 -217.950337
-508.779849 -577.890916 956.422235
-792.612755 -11.998072 -904.741612
-245.868670 407.104835 45.838736
-86.527293 482.478360 50.829982
264.302474 -656.530599 -80.546588
-177.726269 -641.572014 495.762921
-376.351425 -507.009527 982.960320
287.974202 514.751576 -65.999497
-773.492161 -153.365829 -631.554147
-503.266663 -761.091448 398.455672
455.964112 691.938421 -514.032041
171.321922 -688.951254 -399.149790
604.186921 340.953482 -443.731556
270.131249 -373.796544 -136.767590
884.190018 -151.010124 898.439869
-311.810078 -513.264158 -248.300028
548.776430 982.058436 -966.582564
-873.021482 109.887870 200.167175
59.531729 -600.528279 -82.356312
-159.284947 -607.901838 483.049354
124.095402 460.513683 868.661977
-362.288599 -731.296596 -722.154447
-263.067901 -324.383825 205.848367
-105.627643 -184.305899 -954.397044
-855.595195 907.933885 -999.162268
-539.076811 183.483505 590.102871
-394.602628 641.739471 914.450964
30.994390 -712.455514 468.347342
-302.697083 735.396932 -930.637363
-489.342882 56.997459 314.630760
390.696029 -130.755173 776.225309
-385.507794 -583.822949 -662.497286
604.898601 -421.916032 378.277434
-608.872207 976.459385 882.141390
698.827348 832.976138 -184.639873
-243.756542 542.865978 119.676503
-329.223857 503.939962 326.018371
745.162433 -180.607496 -398.541150
-267.503044 -754.517912 699.708077
-507.031796 -282.335352 -990.488132
-449.227647 -147.154925 -263.750316
233.718113 -692.526988 59.971408
-254.899951 801.136481 115.278878
680.392899 -12.492589 -369.823122
-106.755254 -491.191817 509.559251
810.420827 -442.562341 680.719004
538.814432 913.964959 -747.577970
-541.256789 974.877474 -655.955267
136.209100 496.477422 451.311094
-719.798460 -97.868155 445.749595
316.206128 -338.111936 316.300380
906.058170 752.141388 760.916754
850.449250 569.890052 -881.486599
-376.829208 472.519649 122.108620
528.076766 944.655856 693.672325
-649.060141 -769.260419 -342.412486
766.493035 987.751673 -173.541836
-41.594014 -600.338510 -811.032712
735.377670 -218.343078 -862.945803
-961.487706 -930.478512 -379.816123
61.928634 54.242156 980.403973
-226.226485 -40.552538 -909.666050
567.073414 -929.079801 -435.037914
509.703010 -917.356001 545.219464
853.758129 618.833600 -859.003430
337.459461 608.402065 -944.428255
929.237410 190.859275 -214.330500
-701.415083 351.414326 266.575936
-196.959107 190.852633 -175.956544
-804.838011 -113.538520 240.911562
394.028231 804.133613 650.050614
286.821048 558.543482 -0.123014
392.338874 897.494782 469.233964
-524.022539 719.178308 -140.976004
373.191285 -288.497663 584.578207
-889.976318 385.880822 669.069169
-271.848460 228.664347 140.045646
-754.640261 -691.791594 -898.442910
47.750848 346.001899 832.802142
149.566164 -613.491231 -622.367004
-457.890438 -525.945482 326.974748
342.707274 -847.468556 -902.992701
-16.032386 479.387850 886.402592
-651.869598 697.566241 -543.478011
-958.144224 -636.560130 -26.324706
944.067756 -650.188418 -34.850474
690.999969 -391.687100 -882.352856
-358.788281 655.014733 -608.015505
960.921405 659.669225 867.272554
-188.844261 -462.851140 666.275355
57.108344 -956.575434 -938.346779
-729.192174 -418.146406 -166.166921
-683.697754 379.740864 -609.613235
391.410291 970.365361 28.572459
424.099924 69.257011 512.071897
-761.100691 -847.263476 -569.393232
267.587417 -513.988055 -797.467500
-542.776120 -687.339090 968.661370
835.467729 -91.928393 8.268750
-397.326753 -966.225270 480.199624
-422.043161 336.984497 699.324776
-534.842363 173.601686 -964.209994
-885.327564 -235.398860 -198.980147
-408.726208 546.635152 -904.606544
-182.756136 516.628127 710.038439
298.111688 676.442622 453.438905
331.412725 -12.340926 348.903564
121.773317 805.492703 -675.614387
377.080242 172.777597 -279.528079
-9.869459 74.050645 -428.533231
-803.639933 -871.484241 -301.765001
280.985144 859.206796 451.712690
90.897763 662.500984 -3.040465
947.432567 264.271355 -360.820793
879.810614 -839.109456 -989.182330
-458.000358 -685.137090 -257.219097
751.855215 824.560991 -912.747479
29.813922 -415.585340 -507.937251
-694.961976 -31.781890 29.005255
-228.236634 -163.784824 817.687266
-243.452239 515.654579 -836.938247
-979.129065 776.767562 616.652814
-132.364504 334.245843 -779.600085
898.077362 857.032364 -913.749615
-425.184194 885.625865 637.840289
69.754330 452.052820 652.928389
-969.382715 -850.569279 -114.329963
8.275711 697.031769 484.298543
18.427416 573.156762 -922.834639
-239.941565 394.204035 -711.287984
447.314450 -836.330504 -79.753396
-768.883393 610.180207 -728.980598
-298.889113 527.404524 -453.422090
65.755541 13.261420 71.050479
-642.206810 513.296075 -726.206819
804.283807 -129.780171 432.269950
788.073398 -304.596182 -502.247303
237.563854 -679.961561 738.474862
-407.500514 -716.642112 -911.271109
804.182529 298.704729 168.408773
147.264850 -362.334168 807.339625
-224.406616 914.274271 -75.375838
-859.950407 -46.816484 -656.706834
974.378396 -563.037488 645.013477
-532.831118 432.240276 -431.271279
270.387234 575.958814 -452.647806
-844.566395 37.639592 -251.301289
968.578740 901.972336 720.583264
-31.094461 659.862911 787.644820
562.728873 646.461168 676.739508
67.054111 691.469341 -730.296516
940.791315 -492.808650 658.776081
-719.073526 -108.714775 683.256567
814.989871 -48.206743 98.604588
934.643405 519.550457 -503.925736
-694.438092 -261.088116 -408.931307
-599.050462 -735.208953 -478.150204
-642.387449 785.079768 -635.628863
-334.942707 -9.813930 169.231146
315.007298 24.587678 -298.248197
797.881719 -596.978983 -600.248246
-258.744621 450.442179 -233.735601
461.780429 847.227308 127.449435
21.566003 -999.867488 -671.176494
112.768674 384.732012 -55.758193
-493.741162 -31.466445 -164.747291
611.132742 176.913572 -82.895082
639.975654 372.588576 -127.291835
-235.996516 504.687853 -415.630630
-280.484898 765.742962 -753.160731
-254.555886 792.690930 101.092971
-111.585371 -882.660883 -723.966035
488.131422 277.167109 877.730838
-254.473227 -976.754885 -461.986508
916.425517 686.858234 -995.172758
-55.637975 516.483939 -938.612679
-351.629370 774.416314 -864.675337
424.034178 -169.604777 -755.695220
681.644646 -575.318873 440.413452
302.970363 -567.277654 -164.899583
60.949052 114.796200 285.931989
-342.374031 208.838547 548.844506
716.318912 -63.206980 261.617837
693.719229 646.406468 -747.733123
147.667748 -208.915639 -372.505506
848.983830 -255.586142 319.263598
627.168550 550.417013 495.999838
467.233279 -538.049242 896.853369
-713.206408 -498.237407 324.975050
816.249336 397.166411 907.759736
-716.432219 -114.790107 48.953129
795.571911 381.371062 -202.808324
757.096768 91.914043 250.258393
143.949799 643.917262 182.888652
65.275504 -545.082862 15.223491
936.821122 -93.827619 -404.895118
53.908455 170.742294 -831.498652
-603.304198 621.800069 -372.856184
-560.905210 -991.471125 213.600455
-363.161513 -405.556390 308.301140
-204.741806 -50.032243 -455.079096
-54.999073 -212.867368 -233.079145
-835.346223 -958.237526 -465.550324
359.425588 -746.445693 -647.554904
-448.275255 -672.664470 101.363099
265.585615 -618.429142 -983.321833
700.876733 -119.129786 -478.925802
789.519530 -321.914231 199.271153
-254.503076 879.286366 272.333766
-632.285976 -152.655066 -710.877434
-347.419383 -55.031448 302.161691
-2.114798 808.438107 -255.988769
632.253566 137.253157 -611.129674
982.425104 657.564746 -987.100507
-143.217805 -769.413706 905.822423
-286.747241 484.634190 411.636408
788.254226 -816.098210 -780.057794
902.649639 526.536839 -555.313583
718.209504 405.217845 284.433832
-762.230535 -377.196166 647.304540
-837.766514 88.058984 416.097990
176.867934 339.051240 456.201682
-204.754597 -422.698872 629.153816
846.363036 -901.199210 924.522338
442.121664 -756.481028 -990.250136
996.552991 -1.583737 -435.695352
-363.790096 -582.155100 -310.742702
-747.543879 727.164018 -779.955134
-690.316013 -245.992556 -389.127754
693.614470 -841.967715 -125.161237
-214.426617 164.344349 -276.524572
721.717646 -80.325614 658.096829
-214.121191 -873.025874 725.203915
777.968393 548.791307 -297.060065
-707.602683 -466.154920 -142.021940
-538.885298 667.529554 -336.776364
360.398443 -213.525602 -296.519154
-926.444410 123.900447 437.654333
-483.868016 421.976525 -427.218326
112.790394 148.216758 635.466978
79.271782 -576.274034 490.369438
417.495404 373.800675 34.370494
726.019822 -861.721875 441.836623
-898.438527 -962.821698 -593.376324
424.365859 -974.574838 233.001336
-523.205707 -531.284652 980.942423
-847.026055 459.588427 737.069497
499.164162 736.368938 -719.281567
192.082307 -987.678418 180.193914
-636.871741 760.568825 -671.025631
161.639615 313.556409 -522.268764
-868.998893 46.723680 -446.190867
-266.979485 -829.151262 -230.908035
933.542942 -129.528797 -326.775559
141.752246 925.750342 501.646512
-945.408950 544.945813 -977.177986
-448.334725 996.844281 96.942691
786.643417 514.498314 638.293093
895.746594 904.521439 383.987171
184.699539 -252.718043 948.254458
397.785742 915.649992 -115.236591
787.480115 -346.347842 -935.886221
-528.742952 -252.201472 751.098612
-408.147978 -203.656280 913.476692
775.767227 391.244258 866.390062
330.643109 732.442466 639.784951
963.994175 -994.069802 -829.549148
688.684291 -591.545949 838.496551
-598.933573 556.459913 915.958830
336.181284 -82.890792 -626.305634
398.665774 -224.110870 16.765867
656.984192 967.825951 113.610164
-568.436876 611.613430 -684.299954
-110.961458 -47.232810 54.310941
-105.623870 -241.551754 -457.125976
977.891504 -671.386127 77.338452
-237.910495 -431.870275 -86.491885
708.269841 -371.813741 -643.764249
122.663024 -106.042094 717.332923
-773.263045 -546.757287 -370.919395
-443.087644 -741.349652 -597.336292
-997.288094 120.418689 655.949637
-527.810451 -656.247951 -293.065570
588.228034 -453.442842 279.863965
188.210461 -242.404937 -39.218265
-521.283048 876.189112 -852.173491
-42.591817 885.261494 41.021211
-148.640294 607.550375 542.399580
-399.731843 -897.282636 -952.978587
-72.238850 579.619074 998.986804
-883.014171 -73.206190 120.972613
-604.661522 -265.108422 564.971737
560.415882 -554.831310 -895.280264
-369.255061 -125.977764 109.465821
-859.455690 190.407816 -524.951833
-753.352641 -307.047121 342.001932
402.040929 174.660653 -963.886376
-50.402249 -912.939860 349.211456
746.453360 970.569157 -208.014272
753.728406 31.484930 133.667784
-914.155051 -125.200489 975.186635
-829.903139 -717.754281 -308.544104
918.703436 392.983771 250.939564
-301.242439 -499.010691 -563.586475
-438.644559 780.505072 427.018279
298.289478 -165.644968 562.611629
280.268852 983.202043 -523.045756
-324.360242 -716.372975 775.978110
-245.174245 -843.579523 485.119714
-566.540750 585.784200 -788.148920
-607.305729 -112.432510 -746.247280
581.156895 419.374137 -481.371828
246.825529 69.464048 -673.836106
-200.708167 -372.730030 320.132719
764.584380 276.083547 -368.513643
-692.873537 680.805888 342.750663
-753.682537 103.597929 477.188621
-543.143877 111.249428 975.712714
-545.585050 -318.836912 357.568637
740.422548 -445.387469 248.433113
-499.564557 -460.087693 372.846184
91.034651 -485.653288 572.141612
-286.522214 549.119297 486.452915
453.865402 -73.013188 -793.796079
811.787076 681.328040 -525.549373
655.040725 413.689202 -742.991433
152.532836 713.871096 -297.465871
701.134701 460.318315 223.107306
270.457235 -771.215295 -991.291367
711.478723 599.250919 262.613493
432.871507 885.382938 953.941108
-381.607418 -209.903765 -673.451110
-423.439806 197.674328 -314.577855
-804.908055 736.474217 233.164713
-825.848267 496.446726 -157.460007
-843.088742 885.976231 -32.364308
-552.332106 702.558730 -206.291402
144.497317 560.116884 -894.231740
-752.064174 -994.402566 -308.257021
757.816337 -124.333894 551.951498
925.603136 -177.576690 -33.492615
-391.297366 -229.019101 -127.172097
877.933094 -453.094941 657.294763
410.912394 -82.121476 -232.396238
-742.665667 380.123872 -548.818090
590.169490 137.168990 -880.926006
922.201905 -289.206385 166.123991
-164.505127 -742.670860 -507.673332
-967.126220 -156.364845 130.525391
717.844258 629.070808 466.867906
-124.660152 -512.735399 -4.282127
-357.612312 14.252254 108.811355
699.598736 965.430105 -707.542995
-301.910838 -441.054931 -59.706514
-511.064010 930.895245 -3.983953
136.040763 445.198994 765.581826
745.201777 353.002294 168.944879
-859.814032 -174.414531 997.919626
-746.388619 -643.472279 -334.540149
-642.528201 812.024917 981.477102
772.818557 632.095032 -661.331672
979.614110 -26.652964 -764.967307
-302.575949 138.645753 509.332450
44.603629 -650.643226 -628.483465
-100.443290 57.924887 430.238874
899.029617 34.972803 -353.498197
383.569333 -927.208913 -264.001752
29.537907 823.194697 461.901826
-463.110373 238.253793 419.492390
232.433145 -873.851105 413.287768
-834.999023 -517.495287 609.143116
252.075782 -338.564539 500.879553
431.805977 122.759666 808.471893
850.413727 139.451437 674.697128
-803.873588 -685.640154 660.652532
681.290532 -470.615961 -52.617481
-579.099235 645.846714 629.060254
-557.476182 175.296691 309.202767
361.363957 -606.695504 -231.808910
-76.049719 118.861265 380.943525
98.862679 53.553654 -691.965774
319.744313 61.197178 523.676664
-776.493720 103.840482 313.036400
333.618766 -341.015826 304.379349
850.669297 397.640706 -820.930797
-361.816362 -804.780132 880.110308
636.874042 797.997904 -591.688536
-177.330241 977.661059 -554.152680
-627.518863 -824.512065 703.050899
-985.925651 -99.195652 -296.405809
35.370202 -922.159463 585.918600
223.327288 -402.962024 -67.598352
455.799624 25.669279 -725.975260
558.748852 -896.922697 -105.565043
439.717365 -737.830400 428.112593
-972.431700 226.117679 -80.080202
-759.690162 51.387393 678.029435
79.648095 881.499770 105.877079
-584.102933 -805.331290 -7.770147
-583.269941 984.993897 354.646757
-27.059810 73.247445 -698.583096
15.472368 -839.391723 -519.862981
152.736573 -131.604894 289.021661
-516.652472 -444.498322 171.485977
973.054641 -985.699691 -613.473602
213.489167 -15.292869 -45.693513
-803.510234 -467.327371 -283.888949
331.841902 556.073540 -929.833417
-584.496985 -422.711651 403.010088
-136.976115 -823.593943 969.411537
-111.445581 532.358807 685.592080
131.782015 -616.287064 -763.363802
-954.742245 -298.564146 105.293487
-665.236097 771.004397 37.405544
-644.006461 314.881227 262.344721
-406.044717 -59.842800 988.769265
576.135848 -998.230701 375.137749
900.133134 244.287930 -6.023695
241.642254 179.420284 -609.199048
-382.226767 655.283926 96.171400
-763.850562 -630.984334 -928.861633
-800.143159 -697.901048 630.779474
576.861706 506.581254 -156.643490
-106.187526 -986.132546 -447.788682
552.194795 371.341408 -438.141536
-544.078192 324.137106 -832.804346
-557.198569 906.244312 394.436178
655.861138 488.288551 -14.448872
-676.805206 354.633945 -279.478731
593.208077 -64.599119 -276.028308
-622.894529 -679.690671 28.188992
-502.089674 615.994264 429.132794
845.095703 377.761438 521.519202
-284.534468 127.344631 570.477253
-537.595368 234.964888 -1.046724
342.911594 329.257715 -832.101541
588.950978 712.456219 -171.558905
-59.571522 -518.280684 -38.451832
-234.852229 62.404801 170.855951
543.569738 -548.510485 -851.041069
0.319286 245.592546 -316.374596
414.566430 -107.943849 260.818572
-182.856905 -397.416924 -838.143925
-387.820000 -299.100512 641.681001
682.505615 619.263372 767.252388
751.143181 827.188228 -436.142634
159.416571 -403.728131 -483.892782
152.675658 -996.154104 -635.979723
-200.605880 -749.726276 -834.350858
-470.585893 -721.042915 -496.019207
390.969515 125.200706 -454.320888
413.100674 -184.851904 -155.871799
381.188218 962.630664 930.665248
630.904191 -473.444239 3.709627
-860.978697 -406.125292 357.776013
102.229437 -132.503677 901.354967
-685.455063 -844.397593 428.980505
925.797301 521.147978 -38.087359
887.080607 922.670264 -917.327259
397.018229 -129.711530 732.827703
-148.761891 677.634345 -557.088222
237.615128 -0.090323 -65.261042
419.615607 -623.567520 353.566848
952.202204 -384.975294 -807.270680
414.389237 -429.090698 2.715630
166.488428 533.127917 455.420855
-725.611356 -957.236258 612.097921
568.541152 349.566202 1.826971
-7.579877 -731.306363 668.749942
850.248606 900.363380 -453.892153
-460.808987 -22.051687 942.917909
-437.302442 595.325960 672.188904
640.694178 -616.624542 55.343946
-147.088869 587.346933 293.072813
-237.421094 960.223503 -6.542633
-721.705739 152.830522 198.171789
-780.096458 863.202951 727.510548
-940.804873 321.480773 -788.904037
933.019148 -69.470012 -568.107311
-365.065458 253.775749 932.657384
848.896408 -992.858295 -939.921752
-999.552956 -20.436552 509.821504
3.786331 334.107642 -619.491239
-157.142350 -81.981434 -559.230224
-328.314746 696.118626 -885.073099
-635.339556 -637.572549 53.363542
299.417746 -369.128700 -52.608327
854.204949 952.530820 -44.327786
896.515889 476.961228 -203.897757
-591.117543 -50.968851 -266.209230
528.770881 -228.688482 -763.398021
623.645781 -792.427206 -159.624504
675.000635 437.949935 -952.801110
260.876064 -423.167916 746.023869
472.440351 774.550008 182.427982
-842.514100 -869.502298 854.230514
171.078519 -788.430373 970.023074
-487.280468 126.298834 320.056207
-597.450016 -945.868458 -983.757371
-570.280324 585.481199 774.488161
-946.869139 -420.954652 277.400096
-17.165367 -297.200072 -315.750877
75.312706 -274.670508 712.136402
-871.141685 111.293581 -289.836490
-799.663643 167.190052 -137.809198
520.156825 499.885713 179.059227
-661.865012 107.064230 435.400714
-981.234150 -805.040140 -661.793391
-594.601949 -943.634872 -285.486872
609.852596 -543.764523 654.249871
715.149791 552.641292 392.392055
-823.449524 726.130449 584.103676
-926.389678 -313.083119 -665.941813
-950.058730 975.429443 -155.404332
917.132439 -205.801996 -923.771025
454.876856 433.104075 711.989067
-295.523875 652.869432 194.983831
-439.167955 -759.075784 -616.513238
82.732088 525.646225 -859.018020
-796.650087 53.200787 -973.762437
447.487567 -211.865972 838.995207
432.276055 756.149881 -379.852246
765.216954 -244.067757 442.704084
3.685311 -717.880840 -746.519367
88.773648 810.024917 -21.472978
24.189672 522.180091 -279.063963
709.580567 -556.038399 620.853679
-42.976735 211.364222 -314.102646
786.607715 678.529780 -81.924327
-204.600519 -803.570065 369.934335
342.135104 -497.585055 -989.345120
-277.736608 275.196229 -524.689397
581.901723 165.648478 -431.871992
-303.866417 -999.501619 -72.099484
644.525423 -241.823002 -25.889612
24.522490 64.748495 -276.295609
-654.246193 637.129771 826.264044
462.646145 -85.079970 16.874483
-725.855084 -566.223220 458.085201
-171.543772 770.840863 -237.193141
-797.199306 -64.524727 -753.289083
657.902450 482.678692 -421.651888
-296.350308 -953.519343 458.099594
22.444505 -514.865149 -446.797401
-839.460279 -330.757221 -118.158114
380.398292 -678.981300 892.687852
-805.290510 66.966834 333.863637
-734.474685 -24.774593 -791.542441
-168.116267 659.561105 -493.169788
69.224172 914.881367 304.924410
978.560009 -494.160005 375.289261
964.026874 7.775159 -28.721834
-982.852158 912.028722 159.750691
40.821539 -518.307432 -231.470421
-974.081842 658.420230 -384.612989
-224.125597 -532.896328 169.540159
-251.638672 916.962868 223.223400
29.118920 -780.114871 578.837809
-781.735571 -993.653240 2.649202
226.291306 512.390019 -380.698273
873.220623 122.256461 779.919089
-643.288855 -347.654416 -58.878395
866.614271 -86.772778 15.975147
-625.290372 -360.692358 549.291558
-36.369920 894.553912 126.582348
-639.377494 -385.789816 -539.581751
608.125701 186.438174 -82.180973
-577.271668 -26.126376 422.632392
-757.405812 900.189287 -717.204280
569.449044 -219.424773 863.263137
-529.434000 -411.848795 -771.755649
-556.034647 -674.652120 516.550157
488.267198 545.902525 -726.668594
-870.725743 308.089234 -765.567039
71.912948 470.948703 -623.865841
-303.384189 -226.894116 -648.876689
-974.550557 -150.970137 -497.207390
79.805717 -675.032905 -799.659481
-687.852674 665.932850 -976.312913
-691.382090 472.762539 83.706707
-455.959233 -308.524479 -527.494495
-963.588767 -643.957530 195.489366
-899.215371 -915.608952 -564.032649
269.863255 13.873382 -631.406878
29.817071 226.275686 858.308843
-981.898961 -319.962780 -827.731896
641.634248 -636.945728 -77.051895
-233.298131 -608.300511 -493.477120
-76.735731 549.308167 -574.556960
-580.765433 544.071687 -344.298265
-782.710755 824.152046 -457.091711
-366.907188 -588.852250 -351.289723
284.396388 469.376329 -503.301784
968.311034 -234.106940 -438.183903
378.556840 -487.416826 -184.804585
569.569708 744.996588 538.118544
524.608995 -312.905436 -382.518721
710.318995 931.157273 -602.934684
158.499323 -858.606692 -484.687161
482.558544 -721.666109 -356.754148
742.054981 -287.380870 -587.247252
-854.956172 -396.488883 31.867771
864.423000 907.994733 758.919199
509.343333 90.969276 -601.481707
0.843203 492.866944 -860.906471
615.733549 806.856961 792.223950
238.195915 -571.206888 -504.677731
794.234339 730.898923 -923.683422
462.110539 -531.875431 593.343270
102.730428 404.031213 620.131215
-98.912683 253.910937 -658.921899
-627.542170 467.838414 -410.250940
-950.027801 207.029972 519.540761
-553.803022 877.602413 606.741170
455.703505 103.782065 361.917849
724.179258 -712.479398 311.375842
-83.446651 710.193795 -223.353619
57.437911 981.377890 -448.296977
917.639034 709.390728 244.220951
385.700792 886.184400 -7.091610
-906.681389 409.602572 568.950094
-606.811687 169.934318 364.801639
-453.302288 -638.616982 70.615386
-813.759569 966.678782 -47.271502
208.582323 -740.951602 872.540422
879.699372 131.568246 -711.164616
-476.730117 -224.641353 -949.498584
776.330148 197.234848 -870.379782
595.488274 652.959099 67.573771
249.730705 -274.308365 -681.628319
895.864542 -318.999712 -751.629045
-373.181084 277.315790 284.789969
629.992806 -446.890050 911.393568
180.084375 120.708694 607.553165
237.777362 -31.590254 -53.773962
-392.751714 731.957021 418.004669
438.169384 974.660715 -876.770093
-408.063346 232.142767 -195.909408
-954.444327 -675.890242 -64.817130
868.179372 -681.468432 937.859873
731.528550 -666.644285 -967.782409
-179.717030 432.513835 469.849706
-415.821272 -929.131654 921.323742
-518.693081 518.103583 -583.397507
-474.107919 -130.152716 -122.043467
414.938172 73.436940 648.405547
-324.564483 -783.244069 -636.950949
932.062253 -573.665035 714.401819
495.111920 226.665899 888.277227
602.794607 976.538663 -420.781018
-828.577550 -423.184694 -319.640200
572.604987 743.853900 -43.060644
-600.684978 -888.974708 134.447222
852.897168 -130.573593 -708.286314
-739.384312 -745.887221 883.202031
109.723878 -45.606846 446.408917
-796.272646 305.856506 535.419392
-678.353623 -325.326147 661.359415
804.207527 -49.141046 213.352447
444.416265 677.181499 582.602585
-732.866207 -140.139361 396.266851
-39.453076 41.304242 735.276800
651.649045 433.157977 623.604378
27.308100 244.109231 111.348900
-794.357771 955.593703 692.602011
-1.979720 -75.600498 647.969696
-286.722814 679.311565 -367.265206
270.229804 314.394014 531.123859
-463.559524 -846.724209 -75.976330
990.415709 884.615404 228.095635
-864.086077 -153.862250 -911.219875
-855.317636 -210.651363 -191.727689
-817.741289 -629.676470 525.892729
-383.448885 153.516161 -209.982048
-396.166733 449.256288 -912.750404
691.671951 729.756138 -312.052257
-464.860592 -560.503685 436.837323
-387.525529 -32.847432 412.746505
127.104901 168.675874 -687.940350
536.873321 86.634589 437.773029
656.906710 151.375133 670.557861
-903.474608 -489.337509 -152.248675
249.122218 -644.855610 -800.648486
540.700367 -284.993055 -417.665217
220.296950 -804.694501 466.870272
772.722469 882.742598 -734.356234
-549.638061 183.085114 -420.552481
-551.773419 813.723918 -26.869925
832.654160 415.493334 -677.029842
911.311583 -596.016529 -388.938647
146.909602 -70.470550 700.557488
-111.622553 -172.109491 -765.543638
592.175722 429.776662 800.040531
250.710824 -154.280413 -364.874435
395.318905 -195.868585 -746.943032
-756.396262 510.429357 59.453459
-977.832324 886.290673 -846.590009
126.742747 -379.941961 534.971047
-389.966685 -987.658603 -579.389903
207.018509 -381.415665 524.622289
-540.938457 86.001846 790.356824
-897.364144 63.533619 -420.984249
-103.431784 571.673872 518.115963
-829.014423 -308.078672 -799.303898
944.595534 22.574735 -487.949363
-188.765899 -685.887822 649.026124
-939.281463 -765.354393 297.993807
-51.575515 597.416995 189.389743
498.580622 312.475792 876.884298
901.671040 -626.711136 915.896818
-12.088322 -316.055882 -537.130245
372.899293 -926.926217 -331.820795
799.763774 -633.220436 -18.270235
34.999682 -512.781353 820.959185
-361.932725 -892.019158 117.359597
-429.225565 -704.666163 117.050170
847.806277 -306.344349 -825.189508
250.312167 671.740227 876.599004
145.794001 -563.668607 746.025315
-106.586225 -884.757818 817.759764
-89.697690 -454.216515 475.958352
-188.425460 -398.706404 -113.776335
-514.208012 892.026952 -363.307034
460.858754 79.896779 -502.299022
418.469381 -247.469808 451.204638
-792.292554 -960.751776 -173.428399
-526.485553 -440.728205 837.120230
107.119996 -244.733517 172.138810
783.791093 154.657770 18.692110
-99.358886 -781.219466 981.120942
128.858369 -878.644071 768.466173
124.755234 724.372374 -34.574976
904.790671 -243.638985 81.448326
-788.861675 -822.053448 -449.482498
792.852105 794.492664 243.952580
170.131595 248.868877 641.727827
-302.538342 598.386989 -792.685710
-866.829456 -231.515492 -979.535865
371.374598 -802.101982 -614.434001
-721.924726 -783.434084 332.547767
801.890629 67.570297 309.873986
528.063555 -180.868055 -355.549723
-694.886846 -745.809552 -524.280130
627.967088 406.838781 -651.948906
628.799192 -245.468749 -794.052499
-915.421845 -87.434652 393.463477
-898.513496 799.465234 -938.855916
108.511913 -548.306156 893.515130
-552.018747 -956.344309 164.011608
-626.499762 775.900963 795.663284
-822.576014 760.805969 -613.721306
-701.997992 -138.278889 16.118273
-891.545613 124.124093 793.069361
144.700764 694.199833 429.702307
-348.845259 -475.272722 757.261560
-473.893827 254.771148 -756.090479
694.261356 854.842625 659.419360
359.867400 -803.958467 804.923873
747.891427 411.144910 775.687611
-950.646316 -726.391392 413.476824
-598.951462 -891.221304 971.541140
751.982976 155.821323 879.802145
-161.517817 231.452797 881.611353
-412.477282 727.659759 -992.789463
392.194575 -744.068119 -756.099499
964.044905 696.073891 381.865370
288.819896 95.791790 596.923214
-126.384436 95.718614 29.397752
965.537302 915.677474 304.112411
-373.455623 -586.975368 521.805648
-569.755880 -973.178590 -896.838377
-670.564807 -760.336508 -909.570445
-454.842957 -695.928072 44.339325
-825.184638 -112.161615 -180.805492
-875.850223 929.801939 549.665747
764.109118 -379.734784 473.783594
-146.646927 378.756841 961.958857
-596.359111 468.919516 -981.915221
-932.387694 -322.428867 40.995057
582.190641 -919.137981 918.280042
-962.415647 368.613259 -803.296446
-823.345482 -951.582890 463.600535
-74.993763 912.677919 607.748037
-983.778335 622.262091 -44.282286
-887.922556 535.022083 822.012300
704.031046 103.572866 -594.188304
-108.330713 664.229066 -406.214195
-282.070143 -381.125625 -259.305907
-977.160163 -312.000934 445.596652
619.564501 977.214205 -195.873503
-110.204844 972.290207 -195.859323
-396.841716 -852.803293 -226.905485
284.996022 -774.308403 887.044181
-466.920753 -1.916645 379.171966
-469.274046 -225.826146 424.141611
-990.813803 329.268590 -215.135554
-560.416453 506.058410 -616.441303
969.643107 15.759762 640.406110
-856.507902 154.833015 964.651931
74.517189 676.001064 221.282129
-327.061486 -764.784946 468.053332
858.536008 56.199626 -690.759192
-373.261428 -849.442875 -727.392496
12.984769 -352.377996 104.905323
52.762462 769.721472 -267.051161
-87.530930 567.825977 416.758852
-361.737910 430.388317 680.342601
366.361173 -934.854563 -63.714711
-367.622593 -979.077645 176.668455
-948.828740 912.725902 -79.724940
601.369598 -746.180505 -495.692737
604.165446 -10.376483 735.686086
-540.824880 -18.364354 380.922408
-441.102756 -936.991214 -43.743641
-340.308463 4.263651 -607.087539
-487.826330 -939.193954 -247.185957
-745.713205 392.037664 -13.627342
-830.512867 596.952147 -818.397498
349.699130 592.606002 421.603552
712.884161 371.303982 -90.230798
211.361734 -620.628614 115.690396
165.702977 605.842196 -988.385225
270.141604 675.258912 92.806361
-788.838229 497.023003 -769.209200
-945.796455 900.736476 -312.473377
-87.808950 -512.468691 -864.790121
843.293670 -668.565397 448.323472
726.212636 20.989873 -698.509330
531.477721 -229.106161 -462.989115
-368.160144 996.256198 713.057279
343.782608 493.821734 896.359124
-165.345259 -187.670183 -40.098326
-367.155856 -235.483495 -265.475837
-27.406353 -528.834111 167.064529
165.957502 823.785750 476.338676
-620.699908 900.475065 501.695419
457.428651 -686.636410 -850.118493
290.725342 904.373501 787.619217
135.631850 636.521306 -679.121620
-59.925447 825.508610 589.137256
-526.368633 -446.728306 566.719460
638.823778 286.381240 -548.472355
-821.971318 -371.753513 300.049639
496.189659 748.286627 349.908132
464.356335 216.324184 -626.467777
687.437965 -346.817957 458.019704
484.423511 686.043852 809.875333
-271.897861 -674.712239 -780.484570
611.525615 -862.084493 -600.041573
-921.841234 437.842296 -434.197070
295.972210 -244.632489 -312.122036
-789.913768 -468.396656 -825.105882
-794.123592 415.369816 -990.496430
-619.212078 -351.648053 -306.497548
-313.795287 23.799712 739.029440
-959.304968 942.246258 833.443129
-74.460637 223.195114 76.343711
-77.946684 18.612928 495.657821
930.486533 283.115797 -414.939723
744.389250 -52.733898 153.940188
-12.354932 159.426538 -995.601168
-178.157824 177.763268 855.885550
530.825450 -472.530513 -646.226271
-823.245687 -911.243137 -403.327564
394.429978 -643.279770 -502.220524
657.553299 -264.884158 106.647534
167.782860 -988.781932 -851.784072
959.137255 -575.379695 -919.348320
434.078342 193.781871 90.335635
656.236432 0.322848 395.903526
434.821985 421.328202 789.338559
-157.130305 52.427296 -232.665709
-782.156539 736.405901 -296.862230
-892.307195 750.548355 -946.478299
-870.382342 -917.004085 -184.035970
-13.524235 108.262268 -360.060151
732.965283 -856.017441 -571.964320
-240.153418 290.985453 33.985624
403.964490 252.186978 588.512284
-35.833101 -467.707046 -553.105702
-991.305262 96.540383 -957.913747
554.476882 -904.611980 686.208633
-740.094388 9.750971 -380.816937
858.154064 891.577103 604.586243
-32.055188 834.901639 828.828114
152.599157 -385.522020 495.972745
-236.551442 -995.319874 56.804516
-246.397397 -42.468458 784.060597
-656.749035 -908.652459 -823.135285
-445.270398 -482.166811 -510.688532
213.238873 -779.512267 -197.936134
761.010867 -989.272723 -921.917952
-420.928396 689.005686 112.137095
193.354416 65.302600 -867.894487
156.281132 -664.003805 -616.672253
703.077293 429.080624 907.627969
-136.250715 -128.935214 -9.168776
-197.136769 571.363750 406.248755
-700.671791 548.703456 86.673890
-94.809128 -532.099202 -479.860423
-630.536944 763.054856 357.522542
-106.267229 673.885213 776.241615
-96.540093 292.289729 225.207060
-120.626777 171.457339 127.241012
88.055095 -647.393048 974.519785
-527.032836 453.256397 -170.721195
195.064524 418.406093 79.840955
-35.917123 988.772187 332.407930
823.572797 378.296287 69.208448
-472.051145 -922.144812 -57.912800
159.291872 811.541128 204.672361
-127.959461 470.910377 116.765378
-711.618402 -946.833210 693.864030
-94.885174 -720.863264 500.557728
744.497458 -51.448329 -585.094444
-606.502377 242.256020 505.806268
543.240084 -626.411213 376.695890
-969.965546 -26.728992 -679.661546
224.152934 -670.801802 -524.823959
-450.279974 27.150225 185.093833
-287.848981 -330.607351 329.455819
832.858939 -369.809332 37.692769
349.863837 615.760999 -943.072092
-624.587472 -786.404676 -432.718478
1.425413 669.843344 -378.050118
269.264465 -471.322455 132.178010
115.354379 129.454477 688.222556
359.067271 -797.464484 -800.466404
567.987432 -796.989675 -913.517088
-864.570730 656.608261 352.308679
-307.516348 810.884553 390.741983
277.375791 -541.485081 43.166834
-891.365085 326.001643 -331.684695
-385.749284 72.585378 -412.138963
558.331845 230.402177 733.626878
-467.630860 -186.436078 -228.280814
13.753437 305.357406 989.303578
-764.899375 481.399509 -186.403520
-851.123756 451.776049 -157.941408
302.797563 -71.483935 -695.156954
592.617230 -109.113548 -199.122764
96.313610 431.416481 -580.777776
424.654776 644.110113 -350.942808
923.391861 -232.214411 -933.072761
15.410332 -589.740409 -345.802086
-466.198608 -289.406250 -434.409262
-985.272450 226.777577 -652.747084
182.584324 -622.880597 -139.660953
-544.518298 764.892434 -570.736273
923.918334 -50.594983 970.453461
-435.430538 844.106455 33.981316
479.676641 -79.545382 790.368000
-368.460176 250.356781 280.465074
-107.922529 732.168158 -691.657527
466.911409 6.925798 310.244499
802.286651 -107.646125 671.130472
-42.436474 237.195960 848.431181
572.278357 909.430796 245.935270
986.171553 -336.860656 -94.132534
-537.333125 534.111454 389.618092
816.271781 -665.576267 -481.116949
648.223749 -109.851768 -163.050262
173.507515 -430.333951 -649.077086
-884.393452 -147.393128 812.643730
132.603832 558.046152 -210.025153
861.985440 -811.984315 156.212721
-3.839645 -705.532049 486.216230
34.274778 -621.555313 -977.699797
-918.322989 641.582060 519.245771
-650.539710 -412.773044 891.519334
-501.793831 -24.456762 322.083853
535.405479 394.644075 -13.143645
-265.606729 -751.033972 -484.633307
-475.877161 539.536939 146.593094
632.335393 273.828420 823.983684
-143.537129 645.364949 199.868264
139.348757 -730.210127 533.656539
-797.552832 -518.441509 -913.740309
136.805026 922.274683 640.329663
378.444488 397.801380 -587.900116
-622.839875 515.693036 332.300887
527.706343 -358.221896 59.861288
-437.686935 -891.096655 728.453437
80.831486 804.092018 -916.403181
43.680767 219.003868 392.778277
198.721358 -868.706465 -22.861388
999.676932 450.820042 -583.570999
910.062197 220.771152 -515.722767
744.612269 258.068648 109.576421
178.302142 475.471839 860.260502
406.292457 539.784748 528.974754
646.133285 528.555638 -195.145435
449.030439 -167.401798 -368.268892
-681.065646 673.907215 682.163171
45.822635 703.686334 -703.591425
-469.106688 -545.631348 617.454195
-794.284012 -555.824326 465.551836
-410.931048 -390.126218 876.973839
537.654272 827.258893 590.786044
518.726653 -487.386222 -484.383866
955.466709 375.648523 776.242203
-700.372361 380.447676 -719.994778
882.001459 -519.201485 220.577857
666.229897 459.861072 119.150973
-478.155836 -551.741094 -453.706016
233.253427 79.913210 -28.252966
379.956610 897.064057 869.032377
238.973583 724.396428 -989.301159
-927.216498 -682.248781 353.846050
121.309581 139.263638 -712.961884
-915.260541 467.585588 591.699546
-55.623318 581.867971 563.028944
-531.362806 552.673197 -591.249581
905.451807 -146.728892 -294.346315
936.109968 -828.235695 -452.474878
926.431628 952.583250 379.061688
-123.714249 -184.671339 -597.623475
-59.628490 517.242474 947.478114
419.219045 859.595069 -132.475373
798.755028 -642.982715 532.309814
-48.441274 406.505640 619.227069
633.938120 -245.842698 201.006387
279.982012 -978.831121 -950.678116
-581.964922 213.132691 -722.542542
502.890227 -987.951827 -867.823746
-498.384476 -825.141821 -600.448829
934.564941 840.681217 -312.855439
495.665370 -71.405205 -729.538878
33.696697 -292.225817 786.540789
-471.220752 485.535628 390.671620
885.005036 363.566173 720.208820
-517.984440 -487.967072 -272.599988
-598.919153 496.646162 555.727388
966.124644 863.820403 357.613603
99.865503 -972.362675 226.307149
-828.138467 -47.861848 642.769720
461.691568 -938.402846 -406.135413
583.535909 745.415207 -385.999520
243.868860 -838.638515 25.823823
848.389656 -645.019072 -881.786550
-794.921634 669.631474 895.148108
396.073093 199.617060 929.278348
-941.067657 609.625326 -920.858318
-810.834267 -36.037781 493.257206
32.549613 5.720686 -10.596349
41.398282 -23.869990 138.186891
-840.335423 202.557340 553.510531
-974.621899 -643.001183 514.886504
856.285509 344.196393 15.255380
587.906523 79.542526 -857.657087
-447.886435 -723.061106 -482.182230
454.322720 -614.675008 603.247105
25.394897 -868.628981 -809.480974
-426.745506 741.020079 -294.698807
68.850782 799.147953 735.665638
-156.849206 930.604079 -498.601684
690.185247 -25.753996 219.381590
-846.098700 -587.426429 408.592162
-685.066294 -803.883571 -932.730631
601.272730 340.618063 31.871467
521.513737 353.356433 -254.061330
-566.010164 -765.853401 516.100414
207.705587 -773.568528 -78.376555
-282.624933 -472.013129 -524.586851
-78.714197 -616.422980 290.182212
203.840828 814.878135 11.679765
370.030557 -914.906269 148.131990
567.753828 246.674769 775.004157
289.531758 -973.097041 -353.003846
-549.902300 552.182497 -590.218597
-6.848700 977.243470 126.574888
-900.349546 530.892509 535.932755
-181.224051 -403.966972 679.611612
127.295170 519.913035 -776.121120
817.839771 -952.104304 577.329335
-488.109047 -965.193113 216.332580
-209.296532 -289.855389 -137.298250
-204.520951 -151.786278 4.462232
-344.534206 185.444817 -134.559746
-985.202576 842.647199 -741.805600
833.040212 -370.758604 -583.603612
702.590534 30.257267 -502.433547
262.561152 657.037433 -256.760379
772.543778 917.521319 756.046847
808.507730 396.673771 995.040139
-693.959055 870.551194 -958.216202
-317.756362 -654.755207 101.298254
693.073643 715.307274 -461.527552
-414.845815 -523.080624 -408.213256
-502.194790 -146.921190 779.688012
-595.962561 -51.631988 932.723981
557.988488 -653.726770 -320.638514
812.569309 978.954414 895.744293
332.298925 397.513532 473.780678
-290.855257 -936.453992 197.044631
-993.220221 156.843241 -135.017380
295.972683 -43.522811 -181.761526
-606.218830 625.706507 122.517467
-94.747370 -276.750152 812.919219
-435.420850 327.772573 -122.176443
273.718751 112.052829 -790.816089
932.907946 367.987224 -106.929379
440.471444 599.274298 635.793674
-115.992521 -240.974989 -142.820223
944.607056 501.744364 647.086763
454.354924 960.371877 -462.143430
-328.383568 -712.977133 297.649208
503.782878 401.854145 -634.156962
-977.721125 544.733132 -407.402229
-854.188242 -639.065249 900.819637
994.411343 -699.944896 -565.098012
430.016092 -183.098844 35.191545
676.540276 -339.398596 501.564471
-200.099598 507.477624 921.033876
-89.305448 128.196422 233.576937
50.688531 453.922627 -844.416024
-35.298466 901.177630 117.276670
602.685240 -253.038859 -239.763559
-806.720430 180.482093 -345.922805
-389.155798 -425.445891 412.848061
-361.631093 70.315812 -113.539212
175.598774 634.331143 355.434526
610.264748 -903.512466 -516.935098
-457.948567 410.304375 -856.101354
314.088088 -760.095503 855.644965
-36.358787 583.595819 -596.283170
145.776770 -125.733415 534.757662
413.004952 959.759688 -580.768241
-949.343723 -319.968202 770.692241
42.190522 -845.168221 -231.682205
660.415257 433.176299 -789.536372
-25.897769 -411.257463 -268.947174
0.158349 -729.284717 -978.202802
-253.270936 334.753063 -325.629060
-598.543156 -449.968158 -360.684622
338.825261 811.441784 -408.655944
-882.892494 904.455008 727.514265
721.270486 -117.641439 791.467127
826.576564 -375.992099 50.356819
761.141188 209.729151 -402.663547
377.964807 -466.384536 318.202487
269.292887 -31.811795 -262.746024
-3.861304 -96.885214 689.750672
301.387834 797.856304 -564.402180
694.070597 -471.195484 267.877564
392.493421 -809.049006 685.879681
-689.656863 -244.794706 259.902622
-449.741822 942.920726 -544.690789
-55.794598 173.974004 -807.934195
-53.425892 232.351098 392.920807
740.044640 901.219931 652.053067
823.138463 918.155099 -764.177756
262.007438 -823.588822 322.411451
-938.258717 345.951728 201.846060
-994.566803 482.076582 -300.069468
225.861676 -966.211173 -839.373888
-94.808067 87.930135 142.937719
537.435924 -262.337330 856.695571
906.348043 530.884733 7.725393
-873.940446 182.131255 -68.509818
18.196830 -537.030884 224.647542
-906.168484 113.868033 -582.970419
560.607333 786.028591 -381.484475
883.851708 -675.022737 -290.518296
878.846196 -713.914462 -678.137971
603.729758 917.105750 592.620253
660.037104 -72.615267 -448.726472
-124.518118 838.573736 -666.112661
-703.834447 986.910090 -90.232818
-699.346600 -262.125431 -345.822165
-557.504770 -319.489978 769.143092
645.894301 526.879096 300.962360
491.256360 27.010534 -93.809263
-475.770350 191.772578 -403.630876
827.171336 183.812347 -893.158159
234.523720 -336.206458 984.259232
-361.029463 820.596171 410.968653
273.657604 -281.253347 178.057913
411.078518 651.243613 -573.191351
-43.768232 -374.197670 -324.229198
755.482283 -810.174817 617.313154
312.831222 -458.180823 729.535552
-535.557278 103.188323 213.379144
-968.627518 345.650472 277.136448
961.526726 335.461306 -238.967863
-788.751321 -709.899820 449.498150
-371.132946 167.136141 -502.652356
100.846917 294.551298 560.589828
-791.197353 505.872959 526.631021
-4.705243 791.072423 -889.279675
200.707099 -322.500276 592.883810
609.685606 -233.226635 -121.984320
311.289572 -507.174284 639.233222
-294.193135 335.188529 -696.290226
280.466103 -914.500832 -827.338135
-37.104122 -51.117917 99.010520
-322.115854 -698.511293 680.311954
300.790009 900.083525 854.742124
-428.738606 -593.542143 -275.393047
-572.134160 -270.286316 -266.530884
-904.830664 -956.472337 -114.525557
-87.766987 -46.327285 -825.070512
251.763178 59.657068 -635.545592
796.425989 -206.867718 988.722860
-386.409614 139.397613 -80.072646
-245.253832 750.380236 314.944241
108.938777 -874.584831 137.679724
66.286132 -758.236868 924.364622
347.081688 -638.270310 -392.265084
-716.980789 -827.933828 -600.914248
26.168474 489.358077 320.896559
416.288264 132.273918 967.512369
539.863890 860.964698 -174.289113
-255.720754 157.213262 541.209355
-474.067255 497.987255 787.397421
352.156104 403.621257 348.359096
-540.748151 -812.514040 958.424274
-740.644362 502.655272 -753.567830
535.530657 972.777166 -469.700137
475.283845 180.908487 556.292374
-5.127995 411.688070 873.902912
-146.090464 819.834240 -215.636216
-251.257838 -313.107764 -652.061248
-116.224673 -967.665747 944.483711
-35.115564 956.182277 416.439821
23.525943 -383.598896 -688.549678
-591.732144 828.910650 604.925958
313.842041 330.341544 525.317330
872.849584 -871.410827 -302.213925
-60.592418 -962.688510 385.093422
303.935181 -328.114243 -886.049948
-496.214933 -325.261587 89.908502
-998.204615 -299.845999 782.282093
652.005410 -925.984512 751.598330
685.991418 857.792055 191.451015
86.527012 456.579233 -16.159568
605.825650 263.917855 -721.895954
558.233938 -836.239676 478.990577
-274.454801 148.959596 868.535703
-639.683412 773.663145 140.700080
558.808645 634.877472 -322.027067
-952.180214 902.118996 -897.265027
574.365143 439.465625 -466.447400
-482.874873 -156.302882 -435.196013
-789.286399 -681.550426 -325.384448
-633.163202 368.324861 261.650873
-94.749590 239.632302 -411.885208
389.795279 -103.167237 695.556404
924.409683 451.705931 -197.128254
987.337439 -752.619187 213.250703
490.011145 -609.812583 -512.540416
-790.255965 289.036582 -425.006836
426.522546 974.164669 322.000661
-734.855627 766.792817 2.772190
-148.359672 894.755837 -141.472951
-355.398361 533.741933 48.204153
-744.031510 619.350851 -534.972108
-262.694700 295.857883 -171.953363
415.776259 758.152180 358.806953
-412.600100 -567.479845 695.306838
53.056956 830.706868 -169.838316
892.891219 -254.468680 570.415189
375.898266 771.055561 73.968355
330.018523 746.010648 55.023784
711.219034 524.630984 -689.627498
766.228667 790.332718 285.992683
-109.844495 956.195093 817.775700
-228.595064 327.672641 -397.337746
763.303938 341.982155 561.294036
314.769257 -90.023062 891.809485
9.772337 -100.107740 -336.295056
239.123040 -965.794682 -281.026911
279.711946 154.452775 -696.818692
987.017508 -456.239676 -35.955838
988.195794 -614.942453 -883.275721
-156.025273 -388.006480 889.760769
-101.976656 820.442062 642.359828
-249.929860 -327.530124 27.828344
375.727243 -404.033818 -195.674097
856.336927 336.239846 30.462612
14.538134 -800.977113 50.444238
-625.328469 -874.621113 441.857181
78.040346 -997.165672 624.526496
714.778790 -390.205321 -299.105295
-207.054382 913.502386 -623.568804
-340.902028 940.477511 751.487379
-526.319049 401.362187 8.896309
972.004071 504.808700 240.115552
-888.075186 777.102140 -57.264007
552.522068 -267.403676 -745.705990
51.878709 -176.085815 480.775583
-482.606960 44.533809 906.554214
-798.336628 -337.851418 352.180129
-28.461049 309.524270 -319.197176
-963.815735 508.199533 -969.608694
297.241351 -864.547439 -175.166724
551.997327 -948.814140 757.829515
-604.710369 -856.647133 137.359608
157.109048 -548.208604 -803.525559
989.391098 213.067002 885.068996
370.922251 767.502326 368.594363
893.925751 -232.265075 733.024492
-251.439372 -276.331801 -510.351336
61.261511 441.184711 31.173939
-999.641805 436.451908 348.135576
-212.667647 757.136934 -775.004648
141.065624 -605.840484 875.837783
-35.237931 -622.572271 -914.519571
-930.875908 -37.572050 235.856636
130.620799 -112.796525 -87.318630
922.370847 -654.007270 -685.333791
982.575367 -620.691972 281.404746
-241.875889 -5.628441 -158.445859
-116.085346 243.225116 -207.799253
937.997874 -657.705436 586.548437
-576.213286 73.249946 311.867464
238.067831 -391.912171 -602.596548
-190.002405 -693.088318 -263.791856
676.984121 -335.942181 952.972286
958.119544 -687.050037 210.647337
-184.124170 -272.002143 -886.524437
-426.492575 -656.589490 208.630407
747.410850 -786.883630 -358.909271
965.868219 -953.597648 -532.259310
-579.522516 -322.863461 -594.167332
723.795865 -250.199313 798.964574
75.534240 665.622345 -755.281323
-476.657285 798.678057 -449.565577
-198.775602 362.615511 -191.891235
881.260623 -392.583078 -733.693288
-995.002145 -900.506960 298.204653
-362.877082 930.984795 -623.317877
84.095729 413.095958 102.229936
-713.095092 -644.134267 -191.545836
98.916604 -355.637841 716.403517
-61.924803 -559.466174 -303.158252
28.802704 999.811002 826.168001
404.956636 -281.435819 -900.969420
-30.699655 169.007652 153.314752
-45.073107 669.138405 995.199760
305.403075 933.493203 489.269648
-950.502442 801.310272 -347.644029
223.689063 279.833603 208.823208
-58.393583 -372.313996 647.459141
-171.107653 455.443650 754.696242
-820.256730 -436.345545 -408.842545
497.050297 -991.573593 -710.429416
349.553740 86.267773 842.065871
-977.470076 422.828241 -868.479333
831.778949 434.217198 450.293943
331.158030 496.011434 794.207745
683.470323 -718.852504 -463.183159
-570.528493 852.275898 843.963563
407.091869 292.023937 -742.975229
-509.989149 185.784997 -55.733193
681.642638 -770.311879 697.129008
7.287281 410.753539 -261.444421
498.891747 -230.065222 -967.506817
-358.278067 -763.898457 224.661023
-529.761813 304.773857 967.692427
-634.781753 -900.237493 253.654233
764.018091 -845.860148 219.954163
534.576371 314.402933 452.283704
361.637000 -167.437798 -512.676248
111.514413 574.631560 760.565643
979.621364 865.596610 -913.885179
-65.023497 -930.558262 -186.206989
412.857748 -579.520087 -792.037897
-91.241416 527.691553 728.406492
-171.659342 961.125392 363.170860
-326.335869 -800.021497 -301.677110
-837.549466 618.096556 -662.674888
-448.432547 62.390414 -561.521968
-871.977164 -569.765822 -677.602810
823.595348 -765.529656 151.570578
-725.497333 834.329553 933.335195
-569.225053 -150.505163 536.889970
-783.238888 979.480748 -5.814390
488.424668 302.825444 745.273025
-287.231933 -551.199846 -214.874279
518.393539 579.602478 759.082056
46.326126 -924.765449 510.658469
728.779539 480.904886 -176.873836
-647.771744 892.287513 958.879648
-28.120837 147.031509 -656.622733
977.490148 -710.410416 -138.083169
494.351786 -234.266431 -950.986914
-28.770970 69.248228 933.523005
290.593424 218.557620 337.351694
-976.001730 -905.416900 -943.693458
-255.102919 -423.068972 675.754321
-169.037938 440.819652 -195.442882
741.368756 -421.891765 817.922300
319.475776 -528.165491 -181.070680
788.889177 -488.652094 885.467667
192.076855 129.241757 72.654652
-69.652575 -484.565742 132.976785
40.875153 -371.770439 865.387903
-268.100661 452.096010 -569.819120
378.380076 -337.903547 -484.917578
-618.331139 583.151674 -344.143067
-669.680966 449.235139 -361.070367
534.878981 -193.167314 550.189639
-492.093928 -502.777884 -984.355801
-789.374819 -95.771570 -756.742197
66.699682 -926.962928 -905.414621
-528.295552 -963.552333 119.211129
702.838809 977.696462 812.843815
792.328059 -549.630403 -14.784687
-37.148366 511.583200 453.719567
-397.040929 -608.400727 7.727335
273.767744 593.137162 851.387149
-316.336605 -763.359655 832.912549
-264.575728 -886.923342 -905.436208
570.026621 -414.576634 -682.926184
-328.896629 795.029111 -915.243458
-751.005917 274.029478 -731.222527
-702.378456 432.366330 635.379369
-337.678523 945.340636 393.715330
897.391369 558.990086 -955.783512
-335.666713 -878.085009 99.581049
-589.129361 -906.065547 -961.544882
-719.679569 -370.706331 849.111646
-690.060093 -498.543049 -869.363263
-743.556745 -716.764794 -199.373855
-427.657359 -792.698997 827.384246
360.602242 -398.849083 127.326568
-791.939331 -402.096925 -739.905392
-507.681834 -950.133492 -307.872862
-794.718699 -507.495067 492.863007
-537.143158 -411.693177 -129.789504
594.085495 180.601832 599.819005
159.510130 735.082248 -490.746748
-210.779756 63.750028 818.377167
-819.520583 -4.484910 -12.438820
-39.060921 -716.681490 763.502447
-145.242966 762.693586 410.886902
-714.973907 869.868720 552.427923
-543.201082 249.498816 -736.489044
805.080732 -663.746435 -415.602232
851.604711 35.363742 804.216613
167.740123 -398.581944 -558.754918
-637.848418 -733.822789 103.701285
-982.305905 140.197209 -342.015671
47.820818 -975.647500 -615.307075
-488.692800 -350.685482 752.828242
624.649992 447.955130 -975.827942
405.016955 -296.868892 -431.579489
-866.485615 -104.808770 -160.234485
591.460814 -416.890426 -285.908642
379.951120 -477.123478 281.664085
-694.909973 196.480729 -914.550238
-303.634255 -768.310114 -55.298309
777.885233 -458.745289 483.967024
801.777383 -68.452919 192.677109
862.425761 -698.612639 -429.792686
-474.715695 -178.264792 -447.731823
-420.453640 -453.245357 483.299998
-415.213834 280.154797 -358.325848
-728.298838 -33.556020 -782.331386
-821.781857 -321.439356 128.531780
618.917074 701.792852 898.569356
-747.145236 299.689599 -921.097258
671.318830 976.732302 869.912430
-979.394308 -613.046625 -420.479489
951.472978 118.673652 -207.274876
-12.248373 57.894422 -778.653614
-577.650067 -428.592767 831.086174
484.563001 864.456741 -91.311876
-674.599179 171.189091 455.034788
4.046010 -389.416315 447.272606
51.907672 226.919191 410.033012
-239.398374 -526.029941 988.780905
61.427433 400.590464 -574.711658
91.871927 -916.486448 130.580055
873.822565 65.338234 436.991667
-416.333641 812.047920 -338.855001
-772.721322 137.328154 818.618765
-102.786824 -164.262047 349.582528
-438.719618 -638.781261 169.891972
-791.677644 897.639737 451.018617
-421.159020 870.462521 10.059706
-307.137380 -15.334325 -197.464851
591.827891 -471.488357 -66.819130
-420.306092 -811.716706 724.961591
170.663679 -970.573606 959.474985
714.016148 -184.942259 94.142876
-449.898808 362.281953 -539.494806
886.480591 987.847186 461.870703
584.670253 873.396232 98.288308
870.174543 -984.931154 -44.173100
-347.248818 -891.983498 -464.040770
-566.035519 -267.120586 753.839238
-489.119511 133.007139 -607.541146
447.253202 36.283929 586.533174
-830.879987 -233.322916 993.721228
-764.406153 531.850809 793.930896
-903.817513 235.759483 512.894857
609.431869 -262.860356 690.110165
625.078913 -632.130098 381.610295
874.564881 159.226144 801.960909
31.410182 661.028176 -767.441149
-39.459580 450.907956 505.014489
-73.487087 -690.883968 -190.844774
-612.263889 729.630644 -504.116671
-827.464796 492.744461 645.876258
603.211183 520.194029 -759.061730
719.096705 10.940302 23.004832
553.681407 136.470109 -167.755636
-37.259974 834.217305 -115.583727
-503.509360 215.732960 137.237380
-568.490801 -494.492045 -874.042532
-808.612714 -802.217346 -80.645872
-574.468722 457.041347 313.365709
-949.102836 810.951437 317.831528
-163.408854 -767.392947 441.809584
-844.044937 481.647651 168.482542
871.203987 -511.564785 -719.048763
-506.016851 -843.658354 648.284015
892.028491 179.943938 -805.045184
153.676325 -109.046437 706.045564
320.467165 -71.114871 900.209719
676.332798 403.866959 -952.649715
467.097899 -201.976789 702.515408
743.445673 -843.845161 786.071517
-507.174122 410.840934 357.214616
-506.073164 554.204508 743.369839
912.429717 -802.795299 903.588517
599.761676 677.376253 -208.100526
426.730683 -108.282345 -628.925775
180.199051 -153.065947 781.551343
568.538259 377.840365 314.367362
800.345358 -641.091443 -712.926435
656.896818 -767.131262 594.305384
186.128366 -298.009607 690.981985
-351.619448 760.058550 192.704423
515.850233 234.372761 608.876082
-446.990703 771.447942 -868.562838
480.480902 -70.661636 669.427410
39.405270 67.499661 -509.205851
-913.834622 774.031467 955.591759
507.804382 742.086208 657.145298
643.763327 -332.585546 614.337793
-576.977319 -712.174694 -706.226096
620.023803 -125.738546 -225.425007
119.085652 116.755158 -735.469794
-228.962785 -733.871966 232.777130
-364.295784 -223.587756 -245.913727
916.253262 -354.769483 -471.996467
-733.676144 682.988065 -963.174401
511.521946 -21.147938 -492.233431
915.200731 -321.844082 823.455402
558.594684 308.309488 -313.429973
62.599347 -188.633852 846.338802
-336.672885 -555.576360 9.787527
-472.648309 799.811427 -451.230907
500.924215 -778.505383 217.060103
-119.865545 -409.887574 -211.672605
605.328500 -711.675659 -870.544003
646.271377 543.634415 -130.612691
-341.066675 -149.902124 -281.638141
-897.408039 109.675462 233.340202
990.898850 -278.533564 860.247522
596.366972 944.873523 189.699281
-760.257770 756.145700 -733.508878
287.464918 760.135033 962.100560
728.121587 612.916709 -222.656713
672.507287 357.390256 37.783800
-747.118469 -371.763111 263.600488
321.108529 -618.270830 -202.055956
960.133128 879.547211 713.959444
738.442571 562.841534 -40.658796
-488.329392 275.567726 654.518470
61.803745 -338.690686 -89.387718
779.637695 -624.329461 256.803192
-697.720234 613.370142 385.741602
954.712859 631.047560 -805.569651
-224.251716 -811.983231 532.230870
319.015187 476.401259 449.221161
-527.209060 11.989102 409.403743
-925.472077 390.151138 328.447278
-744.175100 855.523831 -22.115985
291.692946 -866.035550 -203.093799
141.590990 179.167689 -557.073269
-223.377206 -194.822797 920.312379
709.748298 -866.894299 -950.824072
-711.176271 48.475318 -775.083590
-182.953065 999.626791 252.002773
-306.657119 254.444558 -970.899329
-225.944673 915.141431 -457.675844
746.238789 635.792182 867.606976
335.768691 -268.664497 412.506140
525.971970 646.827016 496.056195
810.012188 -133.928997 -34.912893
766.260654 -960.965019 364.470670
-159.474167 -379.586390 -96.694356
925.044159 -401.129524 801.501338
-589.394357 138.330714 -264.347452
413.002337 -739.988220 254.301981
-489.702411 326.710452 377.532762
-333.160737 747.955395 399.000586
-114.217138 -903.108120 852.036835
24.246449 -449.760260 757.089358
223.513151 -943.083884 267.680816
656.819538 -507.522966 -268.311538
-469.537338 154.837079 -721.900395
-520.580979 -752.642517 265.713797
-164.699640 -935.736266 -512.201492
287.182227 140.576727 560.846968
516.651213 -465.811568 183.255713
496.403726 -277.433391 -83.092096
297.719678 -158.841636 -279.541636
148.974649 820.591589 610.207019
761.391707 688.660720 723.407011
-53.357570 -422.320431 -171.991005
222.198909 -786.726003 967.502524
-575.684102 -713.117505 -934.990692
-978.091895 -174.883072 909.338048
876.939051 847.956073 -437.660735
-694.577116 292.438477 -428.038503
845.916112 -539.985782 -969.662405
-774.674785 63.678877 -522.163783
841.112445 -895.578657 -313.822870
211.256345 -211.571936 817.125030
857.187241 799.018527 415.057818
-243.570295 1.573317 -476.956265
-931.015894 -587.551036 589.919496
923.143472 -169.649947 639.149502
-88.343062 -821.265804 618.104961
-734.716311 923.950547 -812.391591
-158.753821 -270.196426 -273.030491
-11.118286 -965.127278 -339.815712
776.340113 96.275429 -749.969066
572.456439 -95.021335 -900.997407
-276.505479 666.625013 -316.710863
-961.069517 -272.837689 -299.059422
869.832677 259.842108 -254.874512
910.401277 494.448093 526.898395
364.869360 -62.676223 -237.257292
386.754818 -740.355437 869.149037
294.393376 -916.718224 -770.407977
-887.937662 -688.100126 979.338207
481.607266 332.782496 -879.238397
663.849215 729.135886 -593.480718
431.160043 110.314983 -125.867425
-611.141096 -453.065840 -942.356632
-513.668499 -840.347122 -233.961661
-264.083845 -590.155997 121.775054
499.661822 257.551807 -602.442935
-891.745194 -703.603355 -345.981371
896.707102 671.560306 -988.756289
-135.379530 -135.734837 582.913694
178.821233 -471.481513 636.929610
497.014899 -105.538713 -882.295126
88.371703 -341.227946 -397.482053
-879.327637 -393.723240 -769.215589
21.583769 -132.259326 -159.800415
-10.293003 657.729493 -822.781571
-40.411745 -100.053924 328.800695
-312.993996 736.241241 -829.838532
311.514417 -698.600086 -357.863658
-340.797908 -916.953298 498.920460
709.764990 -598.037939 -842.792765
181.568830 265.094414 -890.882173
-482.928890 -769.417204 -475.987145
624.818896 -385.649066 977.853834
552.396822 -217.031537 257.351459
15.444437 -733.197687 155.188155
619.740581 -565.283078 -425.288971
-434.687004 -626.137876 707.830406
-396.850333 723.830003 374.735632
588.743672 712.445432 -958.549727
-510.750827 -606.764553 532.765420
114.738131 -307.766771 959.731659
-599.453955 220.600918 -714.796013
-497.871909 669.036610 845.599939
887.344141 952.065498 199.510545
381.567859 -474.407736 -195.363220
-152.734393 -612.458800 -888.707524
499.939392 502.630376 82.648496
257.907126 525.508678 -51.009993
137.056166 213.783778 423.308346
604.895332 929.933198 -204.700748
645.919065 -91.089610 -721.430068
314.413617 851.350642 375.265919
-277.605514 395.748500 -981.012554
-587.035063 -666.223157 -210.052047
757.000656 -860.979411 -959.169475
649.895562 478.748946 721.893799
-254.014639 319.843818 201.615722
-486.783472 -844.742870 -31.678459
-205.533850 -531.030878 -480.403669
27.118274 -115.749738 -744.845022
-311.959474 744.499140 411.101518
82.860430 200.636033 -19.328076
-425.468912 -306.458417 -1.331470
-373.938053 -323.319065 -285.462340
282.317032 -316.876743 -958.660407
-403.799259 -377.949023 87.032887
177.088881 -517.929651 -420.528188
-172.862346 374.150225 -598.028643
644.107368 -124.829939 -566.494996
731.954395 132.502489 -826.995188
305.763375 -593.816875 -537.955926
-984.353212 387.562182 709.457819
-839.454754 -168.473949 993.298230
915.763526 894.298327 808.707337
579.776450 472.044043 -399.749399
196.912493 560.479343 -252.701998
-85.113986 -924.497645 868.588982
-319.327355 241.285813 208.662166
-915.711465 -133.530554 566.540400
-659.368549 671.148798 -256.988018
-638.910581 980.841929 -91.410795
418.851128 105.115004 -147.717951
-886.680185 794.460458 324.751458
832.478757 146.492614 823.620109
296.853460 -233.713615 -664.416084
265.847124 37.583657 -616.009588
250.186062 906.566659 646.189990
804.937524 -688.198364 123.295432
28.878434 -627.683921 776.191788
-414.920974 -848.632913 207.136704
-407.126637 760.485437 -80.976862
-665.292023 57.815043 -970.943162
-706.837080 -383.194131 -534.994037
103.851031 358.451214 -544.307881
24.920257 -630.371039 498.639834
-687.963454 -965.655436 485.822581
580.769986 267.474458 48.721982
840.778589 108.363172 620.527425
0.890878 -65.739566 72.776832
632.842019 807.126714 -911.383905
230.977694 -920.598457 -345.855864
545.497891 -339.511613 -343.762115
927.060789 972.023624 -127.749974
-491.658204 -495.720573 -593.812043
-141.037352 -952.518984 -486.859821
184.969400 387.948533 1.757853
637.286525 325.291254 423.521384
25.550199 32.374986 134.242618
-229.785768 -80.218211 272.107837
-305.315813 -655.263343 946.755799
826.393135 -428.537248 516.036602
-793.099742 631.895894 -21.914757
31.080843 -445.948838 -235.578897
-277.542446 -170.226865 637.920935
-481.949186 -636.377407 -74.883762
-890.805687 -745.645259 356.675735
775.482864 767.782822 892.014263
745.828971 -766.727434 -657.774769
-337.202189 279.063034 -323.656607
954.108857 912.559617 955.266758
449.129916 -166.417830 -548.340562
862.122037 876.222647 -36.428142
-40.090124 106.766719 456.450270
-534.254632 411.385505 516.209023
332.018425 447.006383 144.243158
384.689456 556.142758 785.656884
632.399403 -350.759874 354.491395
577.185085 -689.141019 -667.459299
912.989637 70.751605 -68.476654
-388.425494 -263.491742 -259.214927
-610.832273 -270.142613 676.950350
602.600244 -747.182861 -487.757600
-411.455079 346.213710 57.583756
-989.812209 140.008759 4.660051
-783.049673 723.099577 -935.104328
276.076377 -958.742356 305.912932
660.774640 -857.466258 438.707242
-782.897596 30.638031 29.227963
366.008823 951.009180 -77.647061
-623.721874 456.125848 -723.949344
-871.586549 393.386358 509.907401
331.716055 764.789415 -847.624021
927.251198 -836.983292 128.823801
-12.471932 402.567989 776.657612
150.254646 -330.626595 -690.797968
847.238794 274.794032 -185.594988
-931.167202 376.047298 -224.299446
119.812208 -601.761222 -545.288972
281.080228 -700.961108 -853.482432
747.815006 -136.406225 347.839617
-832.294454 -919.749304 111.738365
56.168328 -312.181066 303.113870
-615.471524 170.681104 -393.101673
-1.368250 243.269011 -53.736358
687.192224 -539.365639 532.666004
876.820441 523.949450 -108.707992
-401.545649 193.833304 -486.014768
-900.470124 124.480943 543.855973
-66.414021 -644.099886 155.729702
-566.821405 -881.959877 790.850267
-115.699679 277.819100 122.209588
-791.214668 -300.229264 -731.771850
-150.353086 -948.820402 986.005527
665.942573 -499.139738 -189.997192
-862.234384 -566.748164 900.218188
-910.788881 -457.748890 83.919787
231.805744 -338.299988 -863.999605
726.195406 -952.854888 -305.540607
-95.140867 -691.302901 829.872806
577.558980 -362.376070 -714.786413
627.428988 -216.884010 -146.791720
503.294824 125.467286 -638.194550
-510.603384 -615.643055 783.725868
-531.868203 256.243202 -508.514393
376.991765 -209.212974 -966.570290
-596.348827 -123.174718 -769.435999
949.517781 -24.418657 -17.400116
-533.504331 -387.130323 820.211478
-493.471127 -569.894661 664.819299
539.980355 320.425505 733.055208
-58.365802 373.248387 -601.612099
-174.005591 307.951859 875.186475
-571.403623 -412.395816 -897.335320
841.768996 -244.056684 342.214328
-393.357889 792.741575 -40.375377
-994.373634 -422.242126 -601.385535
391.092137 962.556855 -722.584288
-41.904981 -238.098561 58.959541
696.245736 -812.122117 845.829941
-602.506398 770.430112 -219.536126
-532.138924 -840.319503 -799.592240
593.764321 -517.321806 909.537095
-341.879839 178.230923 -320.753733
974.867597 410.777663 -612.265675
-456.693914 -580.559433 6.859920
-827.504579 359.509124 308.940265
-70.809325 -252.935571 663.075364
234.991799 920.284254 267.051342
794.421575 747.988710 498.288706
106.751664 789.400421 -770.186368
929.061267 -527.183633 238.403701
337.002279 242.306833 403.322254
97.588162 -941.986680 -708.539572
693.218358 -700.081767 -14.905416
-184.584124 586.965741 198.777019
-410.827768 -691.236276 -782.301085
78.253591 483.375326 -962.770921
706.317884 21.913150 690.263124
67.754441 548.725620 -317.036703
850.210806 859.602845 -687.447530
410.954855 -873.420600 664.080607
-929.477855 721.594457 -18.031167
-438.140199 -375.770662 -961.593397
-260.681089 -19.945675 735.416998
601.590459 617.670614 -454.238197
-113.647129 -577.591797 -609.960389
-517.028511 -80.544272 -607.716294
440.762427 -9.085383 718.151321
896.425782 -625.317476 -497.013105
330.921747 -387.646636 -367.007666
-930.787945 989.661059 -903.148619
-453.852962 301.695647 -414.966420
545.637481 757.303164 730.824915
611.831874 -770.212590 -708.127623
-375.833306 -388.887216 -184.165785
1.484448 -146.151657 183.738329
-707.614303 -73.429045 230.686331
-333.337623 -11.094139 37.577608
885.867862 -43.757736 342.626863
-902.214787 615.123369 850.056273
334.776482 786.482450 720.121064
-476.304684 -844.570138 -113.729740
108.704257 -340.595656 -180.341574
373.028500 -282.344355 924.665320
588.289341 -849.563771 176.109080
-588.998279 135.611554 381.653257
-440.415500 679.073900 834.868221
67.609042 -903.218820 538.001833
595.749741 -835.803133 -735.832858
465.300646 640.914475 -344.375298
526.313772 -804.146527 962.383043
-894.120834 -961.107796 846.810562
-467.378011 -362.986032 244.957350
-863.518558 237.774336 -966.822397
-154.089562 985.210183 427.456607
-695.785833 567.810978 357.113256
-322.687855 614.945231 -323.434485
-878.659910 21.046621 -379.794627
-8.529048 -2.342102 -889.772614
598.364268 -197.969953 283.307549
-554.652540 778.851669 -983.562843
-377.942639 471.186103 -740.832109
684.693122 582.646630 132.730021
170.412149 436.527024 880.205659
-724.220998 580.493217 622.040764
855.537487 649.915927 179.276060
-328.287957 366.861028 786.232017
-930.396465 20.397098 766.258409
36.101631 256.115461 484.634181
978.819249 -485.092590 258.340584
-879.354987 703.738389 365.034765
-651.025096 205.487851 889.595934
324.983063 125.993478 768.427927
356.925398 401.426697 -876.427675
521.925959 146.394240 -623.586339
-36.971907 775.314125 580.655808
79.036355 72.632744 -105.586955
312.991322 -604.714886 413.833726
622.150939 -275.439392 481.831443
-317.857394 -734.597110 -448.218737
-881.803708 -864.276292 -813.937999
-544.882186 -201.978308 319.403612
476.457425 -715.843270 -815.368397
86.891835 121.790140 646.667078
774.377010 549.566469 497.868433
-852.738665 723.155796 748.831278
-481.137466 -189.095561 -633.395897
289.810495 -432.655827 -571.749913
-691.694434 -121.220146 -825.944580
768.401956 -127.062438 -318.909513
-590.452363 -585.435240 -281.506978
938.526790 855.777443 276.976112
-216.196682 123.963250 438.609144
524.564634 -718.682043 -174.129379
-656.150331 757.585438 30.417322
-572.392211 -215.907310 948.435233
692.234719 694.841360 -639.108488
-781.363479 -88.481892 -662.854523
-137.126533 -982.616410 -943.147340
74.738433 -556.032159 764.241206
-332.862133 -161.268640 -965.792173
-146.045536 -945.433540 627.577318
817.204082 -428.876572 672.903304
877.427781 -349.154531 647.630739
803.619136 189.109668 -513.572586
-957.798612 -301.996985 -878.306335
783.247426 756.119842 235.897372
-960.968964 59.548390 450.529609
-561.077314 -721.321121 -469.151684
136.546385 498.379355 878.139290
-317.002739 -430.753301 -178.352599
