XX XX XX XX XX XX XX XX XX XX XX XX XX XX XX XX XX XX XX XX XX XX XX XX XX 
38 36 37 24 31 31 15 33 30 14 31 39 40 22 11 20 36 32 37 15 39 10 19 30 32 
20 40 33 10 20 14 32 38 34 32 24 25 29 24 29 40 15 33 24 19 26 10 33 26 39 
23 18 29 12 38 35 22 33 11 34 33 17 22 21 13 11 38 20 38 23 27 13 33 26 30 
27 29 26 30 25 38 27 19 26 24 10 36 22 39 38 15 31 29 28 29 12 26 16 31 40 
32 10 15 26 10 39 29 31 31 16 17 15 34 17 33 10 25 40 15 15 14 14 24 29 36 
30 28 32 26 10 31 25 12 35 33 13 27 14 21 25 30 37 13 36 27 37 35 11 11 28 
27 26 11 23 38 13 12 10 31 21 13 26 21 33 22 18 37 16 40 18 39 25 36 31 29 
17 12 37 11 32 13 16 30 32 10 30 23 26 35 34 31 27 31 24 40 29 19 25 17 10 
14 25 33 16 39 19 30 17 19 39 19 29 17 10 12 36 34 21 34 35 23 18 35 32 34 
28 29 31 19 32 18 29 39 11 15 36 15 14 29 17 31 40 22 26 22 37 19 13 33 14 
20 28 30 35 14 26 12 30 28 14 17 36 28 18 20 29 13 39 25 24 29 28 31 36 20 
15 24 24 29 27 18 40 40 17 24 25 11 18 31 10 17 22 39 18 26 12 16 36 10 29 
38 25 34 37 20 40 20 19 35 39 38 18 27 21 27 28 34 23 10 37 38 15 38 25 33 
17 36 27 37 31 40 30 23 40 24 35 10 24 34 39 38 20 20 34 38 16 12 35 28 28 
26 40 17 36 35 38 35 35 29 24 34 10 22 17 29 13 13 21 21 28 13 25 19 27 23 
12 29 13 28 18 12 16 10 13 34 35 24 25 21 22 25 21 18 40 10 31 28 40 38 13 
19 37 20 27 11 18 15 26 35 20 22 32 34 26 36 10 28 16 21 13 28 35 28 29 36 
22 38 17 25 22 31 11 10 25 39 38 16 39 22 32 19 40 20 12 35 22 31 20 21 35 
14 18 24 26 14 26 18 26 22 26 22 12 18 26 13 17 29 28 27 23 24 14 22 11 31 
28 28 39 40 11 35 34 31 25 16 20 25 25 29 34 19 35 40 40 24 18 23 10 36 10 
31 36 10 10 38 21 10 11 10 28 13 10 25 32 31 30 28 28 12 21 25 12 18 20 17 
34 31 39 38 11 40 29 11 31 40 35 22 20 25 36 27 11 37 35 40 10 12 13 39 19 
19 15 28 10 15 32 30 23 23 35 31 29 27 16 11 32 32 40 19 20 13 38 16 24 21 
30 14 38 25 32 17 31 33 16 28 35 28 30 37 21 35 31 36 12 31 26 29 13 37 27 
11 20 39 15 16 39 23 38 29 39 35 24 19 13 39 12 32 32 25 18 32 38 40 18 16 
XX XX XX XX XX XX XX XX XX XX XX XX XX XX XX XX XX XX XX XX XX XX XX XX XX 
