-74.052562 -967.591465 380.765951
-817.032097 -523.682682 -471.748583
466.091896 182.301271 256.799118
-612.161171 -144.900108 391.949862
99.873316 -771.313632 -620.323023
866.322715 1.386147 899.280443
-314.757902 182.485873 112.331347
240.803067 -556.535911 -767.724102
624.210615 -677.095207 151.002559
289.736173 -285.371883 -30.244838
-182.781582 839.592184 78.163613
-322.113900 903.513319 -298.038453
649.517863 947.869026 641.891031
228.859165 367.369299 494.035289
47.367316 -703.741444 -736.388228
488.873820 -920.953279 -789.599844
947.694712 45.533376 -207.379187
173.061988 -165.526932 273.969540
479.912182 -667.587308 675.467672
309.346400 591.241152 -87.755987
448.099269 132.429309 45.049905
-459.477089 -156.466716 8.619064
-542.426779 -941.452512 -397.829205
785.319333 -637.744700 -662.220817
111.057416 -743.158408 -575.950159
847.440870 230.430775 358.653960
-856.854292 -280.214540 568.714083
762.093847 -974.795377 -84.113989
487.384616 827.527764 -317.730185
171.324314 426.456096 776.143295
873.669608 -752.536007 596.132704
-878.376249 766.136297 188.699680
-306.332716 -441.406372 -630.063333
-10.672974 -307.921097 861.817746
-943.812354 410.027422 -813.403784
153.606579 425.581295 902.278213
198.585891 496.014513 -274.085365
-735.958882 -28.853645 -105.548449
-68.573625 -657.034340 840.516992
-293.293651 542.242630 -818.826226
-451.150547 -657.884403 -32.813491
99.667169 -651.789162 -721.684875
82.392222 -151.112604 989.299151
627.887575 669.878270 872.129601
994.146972 921.731108 712.374343
22.569731 -382.145418 827.928659
713.259335 -538.756891 357.617559
154.283194 345.273410 -359.892431
-40.465292 750.465782 -382.473898
-151.245126 -454.490363 -383.920851
-254.109583 802.366819 889.022927
-770.225331 978.467372 -102.237725
421.227234 968.504619 -215.324489
-300.540806 -987.247259 -350.116552
-440.355004 -6.339574 928.720087
-435.674607 900.568733 406.274200
140.832915 159.239737 292.088794
-890.026127 888.642496 -242.389240
-995.668198 -160.194347 467.425557
-859.842986 827.202973 335.268976
253.411163 955.324100 907.645276
978.279801 551.197901 872.561390
343.654720 36.170940 976.941013
-345.816617 -441.077379 303.021020
598.723497 235.211199 -115.282219
-953.935157 -917.594565 -681.331577
-173.905311 -433.772949 -989.283821
-70.010652 -834.630453 598.825775
740.688335 517.487335 -483.332617
77.328603 646.614833 66.383052
-293.758091 -88.457085 647.528835
-466.010981 -619.603172 155.923889
-678.875865 194.178800 622.819392
720.721188 561.313228 228.066274
-624.881192 -839.844036 -68.141117
